# Blender v2.79 (sub 0) OBJ File: 'pinball.blend'
# www.blender.org
o Cube.005
v 0.214709 -0.000661 -0.005386
v 0.214709 0.020642 -0.008002
v 0.207716 0.001812 0.014755
v 0.207716 0.023115 0.012140
v 0.208761 -0.000911 -0.007420
v 0.208761 0.020392 -0.010036
v 0.201768 0.001562 0.012721
v 0.201768 0.022865 0.010105
vn -0.3258 0.1152 0.9384
vn -0.9454 -0.0397 -0.3234
vn 0.3258 -0.1152 -0.9384
vn 0.0000 0.9925 -0.1219
s off
f 4//1 7//1 3//1
f 8//2 5//2 7//2
f 6//3 1//3 5//3
f 4//4 6//4 8//4
f 4//1 8//1 7//1
f 8//2 6//2 5//2
f 6//3 2//3 1//3
f 4//4 2//4 6//4
o Cube.004
v 0.223101 -0.003629 -0.029555
v 0.223101 0.017675 -0.032171
v 0.216108 -0.001156 -0.009414
v 0.216108 0.020148 -0.012030
v 0.217153 -0.003879 -0.031590
v 0.217153 0.017425 -0.034205
v 0.210160 -0.001406 -0.011449
v 0.210160 0.019898 -0.014064
vn -0.3258 0.1152 0.9384
vn -0.9454 -0.0397 -0.3234
vn 0.3258 -0.1152 -0.9384
vn -0.0000 0.9925 -0.1219
s off
f 12//5 15//5 11//5
f 16//6 13//6 15//6
f 14//7 9//7 13//7
f 12//8 14//8 16//8
f 12//5 16//5 15//5
f 16//6 14//6 13//6
f 14//7 10//7 9//7
f 12//8 10//8 14//8
o Cube.003
v 0.231492 -0.006597 -0.053725
v 0.231492 0.014707 -0.056340
v 0.224499 -0.004124 -0.033583
v 0.224499 0.017180 -0.036199
v 0.225544 -0.006846 -0.055759
v 0.225544 0.014457 -0.058375
v 0.218551 -0.004373 -0.035618
v 0.218551 0.016930 -0.038234
vn -0.3258 0.1152 0.9384
vn -0.9454 -0.0397 -0.3234
vn 0.3258 -0.1152 -0.9384
vn -0.0000 0.9925 -0.1219
s off
f 20//9 23//9 19//9
f 24//10 21//10 23//10
f 22//11 17//11 21//11
f 20//12 22//12 24//12
f 20//9 24//9 23//9
f 24//10 22//10 21//10
f 22//11 18//11 17//11
f 20//12 18//12 22//12
o Cube.002
v 0.239884 -0.009564 -0.077894
v 0.239884 0.011739 -0.080510
v 0.232891 -0.007091 -0.057753
v 0.232891 0.014212 -0.060369
v 0.233935 -0.009814 -0.079929
v 0.233935 0.011490 -0.082544
v 0.226943 -0.007341 -0.059787
v 0.226943 0.013963 -0.062403
vn -0.3258 0.1152 0.9384
vn -0.9454 -0.0397 -0.3234
vn 0.3258 -0.1152 -0.9384
vn -0.0000 0.9925 -0.1219
s off
f 28//13 31//13 27//13
f 32//14 29//14 31//14
f 30//15 25//15 29//15
f 28//16 30//16 32//16
f 28//13 32//13 31//13
f 32//14 30//14 29//14
f 30//15 26//15 25//15
f 28//16 26//16 30//16
